9254835974458887629672873635789957411886024698554157393849494864228024962939550688297074527198420261051675205999609689838587412
7948702662533481896767559573369920938242346354580061545409242090168773727371802699309443935396635866263937828773324526334321892
7929250312741837331511829643632683169694074912332726993582394725302853411901337696207186358524323117172520907433878952968176465
9486937364148093931718552300016332142708943190856638524388888569011747617956915519539025796115901484762122047712200094207683584
0703675740855407318047361595661595146837376373951978537785605481083388906490085533348547865459237835407372374738389274773789264
3524314516560200536698529022539598732463389124803873184044464663165630452635665559603483233341839268186056673186867104904449866
3388466377320953222057779182433549144340237502432464295061371141084500222833875925546082542869030852833895137466510262849050187
2359980877010447170873386178573828860442255448874794721230413368694441497441338856684036949118353204002591974711928301953002372
6372613557152801003023836434406997863096739346637849381675791163293956729985652182807911615231198696051411047800847064484769940
4555399892730282159333189930818248844009737851281434494736943722577947684829017806688345340403991974811107725657399196027995602
3976607710681047393460981746843991626375149576917517874980586155555711990727221948467045177979554215577477183785345135535682148
8981224019853812859833307577420310576654838103212699667682513798088777109119729024038590682109547975734687407898816774007038892
9017123764104410282402525387418186790830943654104676998756681754083664849203556615995024922746652778319099999725942494552746687
4602993085345245279681119328539229356959910969065035141679707233267342542524482900839390718291823532073464112692162110160887576
8646564120617234541914353449310981315044240998894442066188871011899825887695202156119273906958004776559173081177243291448706570
4866033151494706872899672197703352421058356661105030485577210664650513250767511742264039882291373723618030276740280451621184372
9438899492601727676139376045138079061355198567322008270344297244790265795845160675322685239683610065522225253070076549915962270
8389935622999431104891971065250599273560270041530059453015141663393829191008304620453278274234791447194116642959854046669653221
4390066870930359126190473237338490788280116222078414392005864878004044572924012489353108185972058375678318527434060575546457283
0571024164252835918003185534087097269093594036226831977994875139354124615791501602629221816855731144878875700135493432353006251
5927821910139360288795697248742701824779517711136895716699422565064551330393130338804982871980774254446227613970394730940420871
3742377272014443550088749485134437400845098911378170974616143540710504172620523980130687874417124218036934374655684373965565750
1478423915766121994159683752043056020433068572256778826939436280481378432842397489866548450027752963017529841096517341127140258
8566764493817154363962092792522076892737665735147823735202597353071978920287229637466345140359899735477359400126088124931881468
8940255760337363163978793913265843793885760290540433771518954295210648595347128727773745692808704267887587662204824695198843990
0899757006576147578169404543275069681042994730814241204020586377450354179962282687398746645565905502250948590090052580759060254
6486974981051360582508378437652320531515639324364424491392656403886587101611394285202791775180181840494403192370521504242888310
0832863857962097233772304981176182241414796661234070317886749751979535621508014316193777356696545211120669034308685700669047575
1601920560631092775469657814901382577801938745924198963515833985856042317888652481510158158143597978988591350058772254540887509
2132235148831014717469033542114409228818750252221985002159849994061876844567039235968616101425307518401162305005282076459564485
3749005491254116003221964938075605607977980187695543266859111481060871108661145469674590183816636520815523589998805144183387552
3454557776795930937812464849331806246436437524220402821725671887519345824588678830784061509096255092713692879753496348543679698
6604711892156464428503873379368266697844691398807542828869396127474509499861163107833096454590997165019449027223124752455672795
1464056065563451406292025100441586772081609300298880665395988771146415490692648836974652685280576941091682396423173897267646839
0355383165630525414486907132932207574564820206814521900700480593494653392345246480522618317569197186894847097184780188176595384
2234714652935409724403164799544553996270776652429105659472464101488105672623286713328942045106946821859926624587221567145826782
0309935578008890373154226142294034025862773115052182464935233315361839771441799453095926400038395389556682588458216003237653863
1061156071932484650516913321439215405043703716040614962270232640142284681169472791577978618224769535957766957086206741391709970
7647351716205014294072195135184469100518783539374945598848168573993875333505334011212625117442647232720744618603822330582078365
6190042304849971211815384939288709598033150233044255711655989057889996862762413082297341687788607689416591830790638752880761817
3350993967482666602170935703513835999165561197161777938477157925978429670778105685120890113130859239045083522459241247368307415
5460081669964922086720150722963115784946235169601550836667474277946931369187925788894576312382075479577915204545165252523196796
9483728931707116749644793319165741326903913011722074179317419072713429472369240811255731316334667969479890293999075667048649131
3479265891282260862086967904220845208360231245372151218473448305464967324382299780822943482467600298687513476936031155077963601
5358607166888753271639287331221882667306965170073890751994864930247242443182503197751744519602399141153643026523167858853130538
7454234112327473005509721991333469328638161495819890863131852055720398755713433050343878076412540696773945682790587599473898772
1829500286670935139918198012253669665196719074234685642111242009658467409729732638466770339415767564217863874440642300491597266
5585497029761221358413402963546931530898077983556347511671398790492531247609197801647309393017719703556474420667077635431137035
8446511749461154540070308470454488783535318141900958816289412388611370858697615498746416636102261400237788596935028958347787028
3125589335242227429164632721324285385335478344437654660712476162463759322956724441170491898597020350367163787012219584863841888
6802337989299969519242898184367047999251583706804577726542893830886334416591927545136810611568115854449708934129157129519681281
4502536799805954583144549032621959969753071050956941684132891200046324576389173182566153807220810192479638581311891427849367417
6325541021938064574977797529368876421571303611445571554655335842928934553745122110842178236045825160364424732178843094315127909
7416551206319999579172591987511489686313571898121634456963111089610744020435972487389528243640299599133169203384400119064268257
5942558924368052900576494867848083529988242331335385049200017447913990221665638834941940132033114280719741451021709322013495656
3034267296680277379429583962288582457402893052674209528241394670330734634693333770067544918231098413897817493181756172191761769
4462568735945386723562623780129364617626340957792264088426814103842409805756856047587770203362285297182877719759239486173167134
8181657858983878076788365457679611406051878073922935400724071002626732091440173091689286855430601190105542880854867957669944342
1682764258327911438109776589215105175058720345720016147450773913501679216877023673201387960875767306750352156509386560915532694
4168453046768399507263930483191895109159119018724369742162771101927944398681984030667327651300421681200981291741743361136642792
5961214949092908589726506803431211408890378633711553535211419472586275853572210445315467622414789208830684013971300686277675328
9269710543143964341467182430089608998710751826481978504336310277969086698368677287182389959721242273938854619109417313330166529
8486459999966843090378171773263091325696386996545517566407679424699279968298703891528397394384066258625248890398189881141241156
1449849546688513154852662654151484110306993368687380709636409815697889872688403677017676988174939843342948688833489247136945501
3026821425662283243215241228426396875362999466310497066906176240972976192127107346129568606866349374029240104708104443230866441
4888599832610923002904596161762304764008702325429097763470366526898011656507069583771589908698710318907474941536590688671464002
2187786798670885931014137550230451723811271617853032443909991254363190383287294838940424051082728434647528986018234698035977262
4010150476565439429491060857277549534561616385054516756344772776300804281913985317098584407945908254666687113999982299034911916
9543106789274635042741853569705907409683466986445551664737067041728196021666244823741197574167419992584104093228192902092720801
1102588771206288521669854794170734776396759389699841902844928003578465247527168100807066013305698109312645455547945036883046986
3363256734764708042924448420459037705906529627671525144633382899415555101340497992824046104327698365969273385304329013580634534
5814024400502542484138080303093675479908925878015957334513036393579080542663814740530799226052633254072603206379019404756963615
8568459878266889844587337958272179244147420281407959235700418194754222652142770182396574372220705526302797889629403089542338729
8226364273353855713782831639652716359809735693921459950536413341806490125092787610897542413754704628839004798504470781343226879
9564108089806303912196187245286576464060313163695650258929860024346682416259472890719900060340274063102211811727469052257146328
0723807096388817245239864356681843226170736144832701238842559718295427226555369395998370081796589238415142792914737246512392617
4241424816471283201248965000004171003042756134627995493041482479770591013182623840449510466593158465328399081296605282376713554
9973513220590332519460381924338347505856779256581376567327469745338170108702340101128824216183825500136464452346025348049667485
8383897971629124447860057453350337067099519586684049058435585462779736095630666963739484221218567448740285624710665297561214099
9964116268591382706460872763874878534297946361217165257274977145088020502651470013064060961213429959898581048432243027406481577
4824315082578790346775943088343852549806522479147355182415674805204204673847884219703487656256651056490611337757236524094938348
7062382447597254598729362880233858271292436951748099256624309342834053225940366427538355199347489811241328865453894894705029296
9735693411211619628088603452483215272175364970550497151583596541206523461527332458408984429879086514102509879665768932131692226
6961688387629152540756216546017259642317857065168508958573052496210655276891659756089714383999813015316305245290357709870563638
3863034723721495784723589237391107262786771026496285596990386769945707595340965195448259401890929565886615037974745228156868323
3287577904832967842610714371567414265151412481754216777139400930821306278453396427971928947503983582862250196984342590738386627
1791128295449101351282899590128118669109794265058849951756999066974826947872800232214872176234126177766951584517353226892319930
8805052099840613606036822579273082344123139982418321238213526119536401574939527633217151490658267375799590895845553195225375174
1355928510541796297379079857922955866076933929404227257481153317061720856509437585235189609477388103725696248255380889259925943
1402201875930840177564779603131963190398447445546273482826943610197406605496467698637182093544726028048446184407465904504733488
1834037129267281181848805100644706716446934703366578946950288560270548606368029542736413168537166947783032181537827321728818305
2399588088866368871684803227983829485917501647912319399696731866908470118289600881964063135888922021379521028829404789266368968
5637489977535077950426899162426475829892339881113388204978816994197921201698140466319573566765752657389499556451516488232245559
6112692169213605381302831305889438504096793315962284966459192757358537426473374519814657784899843476819443537896967951107338491
7895505461382759098793722523795396339534176000429147383719128841803883949006205025948100090981495836498310874463726230844486437
9522042614500829901321795525603265978871144309432521198633117362072879318547949126425751870262081563243482328537146079314556599
5093542621599279420676140514142072884094585996707002095359240117940447064308608734332029368110977503867431654445743620282821742
2074818355004815481495949283111185240895061522427508730372487670815127557063465146879286952537668866636765956480834805349247418
0982616183770170277896101663961256388046096956303414645662042291995673037815635718874781061367093483701372208717092453548930045
3197990341408426456860501773717322183556963874016603497159407408857792270849795326742052795163483613191779561704529979153717213
0442381165605136382176204027769856937910886725474913822447353042136166362618403395513606165988761350028767809916274534709139581
1546533500647539778292217072989397950692244341857345231008319214990106951110301762058019968223873956867021450221558460837271796
1089583682950702039719953402978240768135379617758154644301927987331573523265837746123630494418924793748993674977892210713791382
2010498095473532597719948269554932451554991652103201520706494302534512806373772862577948592827967992187111665796229241795272327
4495947525239030494005205359163320911969546009892986032715554824732415447400580445227801191434206229755544175085033640445463730
5799343664533857261737308836915890943267341995945607000250119768647338018370977116150224513412795224930773162810128318361091070
2845165641335198012087900200223115487995666447653144922411381435396653532150893427712002942030941647409112450887593516206623257
5995936189970345951128332927675055555031225056766626864377451946716279426300206796784320339236602175243416848009874418064376734
2751388225971927284674719275737386426623723915170272496656834116124167598744380632642578314683658323664087930294748983479134152
4463890675024338744201454760164930410895360686852249316115526602608580347281230566360947860956394767605509297995646286805155429
3902535272296902694906404269870261097232828009262961508419387381919670436136425912908116240583462930917866834873246313946702767
0171550221706917129701789274673785241823132172160837286626181116666263103300493781986590027327174868610919833041462749008446670
1233446436949798212579086729206735034953949556045481891487880919889748751337486349345808929953562851746791383784762700811827813
3273320169223863915019571833988285591541029709234409949795661766708317004888223115613777281294607726043777706813741640111212754
2476840221289778122524588163601454015024966289209119530584971298419043747426874336591254749329149388984462650479516131162264547
8321322112340265706034027413610131445579234122444443539849216325832257070066442940612976748450142222873158683339615189385385401
2845301295555610107931163495080379964949955895954082606347174241430747973616106979000794362756653542557197433894470866065773098
7002289110540946230118386265586199860767183813803128176222583812066464632835592487506968002253203796340562076570806978606547027
0518614265711371822209002835579969441398099868205035333550662371029236766960492501859441092496004547436756442048667962205035734
4662742623053069471722274771033535333247780680117662494001501801076484609461801093095512629224389725470873708072969419161134986
8879423231727024904174405990021786946862967043559824446453539979244586561718968470449066018656109597862462444251052806647222165
2462868109247823087920350263249330583062507248433983310105749602411182363633125913535849740456631462938827755069526554867046297
0556317986368239387236732047607114173950737209007825151623731055762898522619516377121452352573813859619423710420648830645140602
0693502619716624171936460417629499350461603844160041861287075322351538559343745415528939056080652464222483749575581089457335292
4766904028429523888256867990946783862212788485169555738269492360138212802976905819698072914952002888319407814152289904290372830
3063149485419553279766015944554584134585112055860455417890621924246024514671960271622075351843821409825893454426591239346175825
4138071925467858356596514010874840756148724225545969356853427243328235466057330927837715365449101436095007553412409485033663473
1718208277388066697955637942282188804022877425